@relation 'Protein_file-weka.filters.unsupervised.attribute.Remove-R1-weka.filters.unsupervised.attribute.Remove-V-R6,8-10,12,1'

@attribute Uniq(T) numeric
@attribute group1_AlNP numeric
@attribute group2_ArNP numeric
@attribute group3_NeP numeric
@attribute group5_BP numeric
@attribute Location {C,E,M,N}

@data
-89,29,8,24,14,C
-12,27,8,29,13,C
-12,28,10,22,18,C
-37,34,6,20,14,C
-24,24,14,23,15,C
-130,31,9,22,13,C
-228,30,8,23,14,C
-33,33,8,23,13,C
-24,30,8,19,18,C
-52,29,7,20,17,C
-50,21,11,25,15,C
-42,36,3,27,13,C
-19,29,3,23,15,C
-28,24,9,26,14,C
-179,25,6,26,15,C
-31,32,8,22,11,C
-11,27,8,22,14,C
-47,37,5,20,11,C
-30,25,11,26,17,C
-30,28,12,24,12,C
-26,30,10,28,13,C
-76,30,6,25,15,C
-10,28,9,27,15,C
-58,27,7,25,14,C
-41,32,6,24,13,C
-33,25,10,24,15,C
-59,27,11,22,13,C
-80,33,8,24,14,C
-60,32,8,23,13,C
-282,29,8,25,15,C
-31,29,10,21,15,C
-34,39,3,22,14,C
-49,37,4,23,11,C
-24,28,11,19,17,C
-118,33,6,22,13,C
-11,27,10,29,14,C
-32,23,8,28,18,C
-38,33,8,20,12,C
-72,32,6,23,15,C
-107,28,11,21,15,C
-45,24,8,22,18,C
-43,33,5,17,15,C
-59,29,8,23,14,C
-6,23,9,30,15,C
-40,32,7,23,13,C
-53,25,12,24,14,C
-46,26,8,27,13,C
-68,28,9,23,15,C
-50,30,6,24,15,C
-43,36,5,23,11,C
-8,29,8,25,14,C
-9,30,8,19,17,C
-56,28,10,22,13,C
-156,29,8,27,11,C
-23,26,12,26,14,C
-22,26,6,24,11,C
-33,29,9,22,15,C
-72,30,7,26,13,C
-31,31,8,20,15,C
-36,38,4,23,14,C
-118,22,7,29,14,C
-20,29,12,19,16,C
-48,26,12,25,14,C
-43,35,4,21,15,C
-46,23,11,23,16,C
-30,28,12,21,13,C
-52,31,8,23,14,C
-103,28,8,24,17,C
-238,30,9,24,14,C
-8,23,13,27,12,C
-58,27,8,29,13,C
-92,27,9,23,13,C
-8,28,11,24,15,C
-45,26,8,24,16,C
-370,23,6,29,14,C
-21,26,12,21,14,C
-64,32,8,29,12,C
-10,26,9,25,15,C
-10,35,5,16,15,C
-8,27,7,26,17,C
-52,29,8,23,13,C
-23,34,10,19,11,C
-35,35,3,29,10,C
-242,25,5,31,13,C
-57,29,10,23,12,C
-50,32,8,25,13,C
-144,29,8,25,13,C
-47,31,6,24,13,C
-127,30,8,23,14,C
-57,23,8,26,17,C
-38,28,10,24,12,C
-6,27,8,28,14,C
-56,24,5,35,12,C
-100,25,9,31,14,C
-21,31,11,21,14,C
-332,32,8,25,14,C
-32,33,8,23,14,C
-27,35,5,29,9,C
-25,31,8,27,12,C
-65,30,10,25,14,C
-50,30,7,25,12,C
-15,32,7,32,9,C
-53,28,9,26,15,C
-22,28,10,19,22,C
-51,30,9,22,14,C
-42,29,11,26,12,C
-79,31,10,23,13,C
-382,29,8,28,14,C
-42,24,10,25,15,C
-58,28,7,23,16,C
-28,25,15,23,14,C
-62,30,9,21,14,C
-44,25,9,30,10,C
-45,34,6,23,13,C
-44,31,7,28,10,C
-32,26,12,30,13,C
-8,24,10,26,16,C
-6,24,6,31,16,C
-34,27,11,22,13,C
-23,26,5,28,15,C
-24,27,3,22,14,C
-33,27,8,26,15,C
-25,26,10,28,13,C
-30,30,12,21,14,C
-356,33,6,28,12,C
-25,33,7,20,13,C
-85,28,7,26,15,C
-14,27,15,19,14,C
-43,27,9,25,14,C
-20,32,12,17,16,C
-141,17,8,31,24,C
-41,30,9,23,14,C
-37,36,4,21,15,C
-54,31,7,23,13,C
-28,29,10,19,13,C
-39,32,7,28,11,C
-49,28,8,24,16,C
-32,30,6,22,15,C
-9,36,8,22,14,C
-47,33,5,21,14,C
-34,19,9,33,16,C
-119,26,7,29,11,C
-43,32,5,23,15,C
-38,31,9,24,10,C
-38,29,9,22,12,C
-124,29,10,24,13,C
-18,38,7,14,14,C
-7,36,4,18,18,C
-47,35,6,23,14,C
-39,29,12,22,14,C
-54,27,9,23,15,C
-9,26,1,21,24,C
-59,29,5,27,17,C
-4,30,5,18,23,C
-26,24,12,28,13,C
-35,29,9,20,14,C
-43,3,4,42,11,C
-28,31,5,22,15,C
-50,11,0,35,14,C
-39,29,9,24,15,C
-27,26,5,26,18,C
-45,29,10,24,13,C
-53,33,9,20,12,C
-44,29,9,28,12,C
-36,26,8,20,25,C
-72,22,13,26,14,C
-40,23,11,29,16,C
-29,26,10,24,13,C
-68,29,12,22,14,C
-97,31,8,22,13,C
-61,26,11,24,16,C
-44,32,8,23,13,C
-64,28,8,22,16,C
-43,36,5,22,12,C
-33,24,10,20,16,C
-9,33,5,27,19,C
-28,29,10,23,16,C
-22,27,14,23,13,C
-64,25,4,36,8,C
-17,28,7,19,19,C
-16,25,8,21,15,C
-116,29,11,20,15,C
-88,25,8,26,15,C
-58,29,8,23,16,C
-112,28,5,26,12,C
-26,21,12,29,10,C
-49,28,7,28,14,C
-11,28,8,28,14,C
-40,27,11,24,13,C
-60,28,11,23,17,C
-46,35,3,23,14,C
-53,28,8,21,15,C
-25,29,6,27,15,C
-155,30,4,25,15,C
-60,29,9,21,17,C
-15,31,7,27,12,C
-4,20,11,28,17,C
-64,17,9,31,13,C
-63,30,6,24,13,C
-4,26,11,23,17,C
-9,27,9,25,16,C
-20,27,10,29,15,C
-36,29,5,16,25,C
-49,30,7,24,13,C
-20,33,9,21,14,C
-30,29,10,23,14,C
-62,30,7,20,18,C
-54,32,8,23,13,C
-72,28,7,27,15,C
-51,29,4,36,8,C
-26,23,6,30,15,C
-48,29,9,27,12,C
-70,28,11,21,14,C
-72,26,13,22,13,C
-53,28,8,25,14,C
-168,20,6,29,12,C
-91,30,7,25,14,C
-50,29,11,25,15,C
-80,30,7,27,13,C
-42,34,5,24,14,C
-58,25,9,24,17,C
-38,33,6,23,13,C
-11,30,7,21,14,C
-125,23,4,35,14,C
-34,25,10,27,16,C
-8,26,7,21,17,C
-24,28,8,23,13,C
-18,30,9,29,14,C
-64,28,9,27,15,C
-48,34,7,21,14,C
-41,29,10,25,14,C
-28,29,5,28,15,C
-34,32,10,20,15,C
-60,27,11,23,14,C
-16,30,5,19,10,C
-18,25,13,25,14,C
-12,31,7,22,14,C
-66,30,6,25,13,C
-120,30,8,24,12,C
-38,34,7,24,12,C
-53,30,8,24,14,C
-131,25,6,34,13,C
-50,33,4,23,13,C
-86,32,9,26,12,C
-51,30,9,26,13,C
-124,32,7,22,14,C
-119,24,6,20,11,C
-39,31,7,25,16,C
-21,35,7,26,11,C
-42,26,10,22,16,C
-239,30,10,26,14,C
-52,28,8,23,16,C
-44,30,7,28,13,C
-15,31,8,26,16,C
-9,18,8,25,33,C
-94,29,8,22,14,C
-73,29,7,26,15,C
-40,32,7,21,13,C
-37,27,9,23,13,C
-25,31,9,25,14,C
-50,29,9,25,12,C
-11,34,5,22,17,C
-31,24,9,26,18,C
-56,28,8,24,14,C
-52,26,8,22,16,C
-18,35,11,16,12,C
-33,30,10,31,12,C
-30,31,7,26,14,C
-37,31,7,24,15,C
-4,43,6,24,11,C
-9,32,8,20,17,C
-28,27,9,27,15,C
-21,34,11,20,14,C
-60,26,11,31,13,C
-2,26,9,20,15,C
-62,27,9,23,16,C
-83,25,12,24,15,C
-15,31,4,19,11,C
-107,26,7,31,12,C
-56,31,6,24,14,C
-14,26,6,27,19,C
-54,29,8,19,17,C
-112,23,8,32,14,C
-48,32,9,22,10,C
-22,30,8,20,14,C
-93,26,6,24,14,C
-52,24,9,28,15,C
-2,30,9,22,12,C
-42,37,6,21,12,C
-32,30,10,29,13,C
-83,24,11,26,15,C
-48,30,9,23,16,C
-64,25,10,23,17,C
-45,27,9,36,12,C
-62,11,0,37,13,C
-28,26,11,28,16,C
-44,17,3,22,15,C
-117,28,11,22,15,C
-22,26,6,20,28,C
-95,26,7,32,12,C
-2,31,8,25,19,C
-38,33,5,24,14,C
-21,37,4,19,13,C
-12,33,4,24,16,C
-100,30,7,22,15,C
-14,28,8,24,14,C
-21,38,7,20,13,C
-70,22,9,35,13,C
-28,30,9,20,16,C
-28,30,10,22,13,C
-12,21,12,27,17,C
-87,27,9,23,13,C
-101,23,7,32,13,C
-52,29,8,26,14,C
-37,37,3,22,14,C
-43,32,7,24,13,C
-30,24,9,16,22,C
-61,28,6,25,13,C
-30,25,14,27,11,C
-66,29,9,27,14,C
-91,28,10,20,15,C
-20,26,8,22,16,C
-70,27,9,23,14,C
-52,28,4,32,11,C
-41,28,8,20,16,C
-46,29,9,26,13,C
-11,32,11,25,9,C
-78,26,9,34,14,C
-92,29,10,29,10,C
-87,30,9,21,16,C
-48,26,7,21,19,C
-40,36,6,23,11,C
-20,33,8,17,16,C
-35,24,10,28,17,C
-42,37,5,23,12,C
-21,33,8,17,14,C
-52,30,11,21,12,C
-38,38,4,20,15,C
-17,31,7,25,15,C
-118,33,6,23,13,C
-43,32,3,26,15,C
-29,30,10,24,13,C
-58,23,8,26,18,E
-51,24,6,26,17,E
-54,24,6,24,9,E
-32,33,7,28,7,E
-20,30,5,26,15,E
-60,25,18,23,13,E
-30,33,7,27,11,E
-121,26,13,23,14,E
-127,22,8,38,3,E
-63,26,10,22,15,E
-256,24,10,30,14,E
-66,25,11,19,18,E
-34,37,5,35,7,E
-23,37,7,29,7,E
-10,28,6,35,19,E
-46,29,5,30,12,E
-8,30,9,31,10,E
-8,33,8,27,12,E
-31,32,8,29,9,E
-80,36,6,21,11,E
-17,33,7,20,17,E
-64,27,9,28,12,E
-67,24,11,22,16,E
-74,20,4,21,12,E
-82,22,7,34,11,E
-22,44,8,12,8,E
-23,30,3,33,15,E
-62,27,10,23,15,E
-52,27,9,23,17,E
-13,33,2,29,17,E
-51,27,8,29,12,E
-49,27,9,29,14,E
-32,30,9,28,14,E
-64,30,12,23,14,E
-70,22,13,23,14,E
-20,31,5,29,15,E
-15,14,20,32,11,E
-48,26,7,24,10,E
-43,33,9,20,13,E
-34,29,10,32,9,E
-34,37,5,23,10,E
-23,29,9,24,14,E
-32,29,10,27,8,E
-52,28,8,30,12,E
-28,32,7,26,11,E
-40,30,9,25,13,E
-39,30,8,29,8,E
-104,21,4,22,11,E
-19,25,16,27,11,E
-24,23,14,28,14,E
-29,26,6,26,14,E
-82,22,7,27,17,E
-18,28,13,28,12,E
-17,22,11,33,15,E
-39,30,8,30,7,E
-42,28,9,26,14,E
-51,25,12,26,13,E
-10,28,2,30,25,E
-35,31,9,25,12,E
-20,31,8,35,8,E
-22,32,8,36,7,E
-58,36,5,26,11,E
-29,29,8,40,9,E
-22,26,9,41,7,E
-47,20,12,33,12,E
-51,26,9,28,14,E
-54,26,9,24,15,E
-48,18,11,34,12,E
-29,33,9,26,8,E
-43,24,9,23,12,E
-22,31,10,25,13,E
-33,33,6,33,6,E
-51,34,7,27,9,E
-82,21,8,27,10,E
-47,26,8,29,14,E
-56,31,7,24,13,E
-192,24,6,31,9,E
-19,22,11,20,23,E
-32,31,10,29,10,E
-28,31,5,24,15,E
-68,26,7,23,13,E
-27,27,11,29,13,E
-151,23,6,25,17,E
-9,21,6,31,16,E
-74,21,12,24,14,E
-48,29,6,27,15,E
-34,27,9,26,12,E
-32,26,8,29,14,E
-92,21,9,31,14,E
-21,31,10,28,9,E
-26,32,8,27,12,E
-26,27,11,23,16,E
-14,39,2,33,10,E
-39,30,9,34,6,E
-28,46,7,8,9,E
-32,32,9,26,12,E
-47,28,11,28,9,E
-47,27,12,32,8,E
-30,28,6,22,15,E
-20,27,14,35,6,E
-82,29,7,22,13,E
-18,30,13,23,13,E
-18,22,11,39,12,E
-34,34,8,33,7,E
-22,26,9,19,17,E
-87,28,9,26,14,E
-22,27,10,23,13,E
-38,30,9,24,13,E
-54,19,1,36,5,E
-31,27,8,29,14,E
-44,33,8,27,13,E
-25,32,9,30,11,E
-60,23,15,30,9,E
-88,22,7,29,9,E
-217,23,7,29,12,E
-95,23,4,21,11,E
-28,26,10,27,14,E
-39,26,12,23,13,E
-50,28,8,21,18,E
-15,29,6,29,16,E
-22,21,13,38,8,E
-20,31,7,26,12,E
-37,33,9,29,11,E
-59,24,11,30,14,E
-53,20,23,20,14,E
-28,31,5,25,15,E
-70,33,5,29,11,E
-94,27,12,26,11,E
-56,32,7,27,10,E
-58,30,6,26,9,E
-46,28,9,23,14,E
-41,31,7,27,11,E
-24,31,9,25,10,E
-60,25,10,36,8,E
-27,33,9,27,12,E
-49,27,12,29,10,E
-27,29,6,19,18,E
-86,25,8,29,14,E
-10,29,13,17,19,E
-30,28,11,24,15,E
-31,22,10,32,14,E
-35,27,4,28,16,E
-81,20,7,30,16,E
-27,34,7,24,18,E
-59,29,12,24,11,E
-7,31,5,27,?,E
-46,30,10,24,15,M
-110,26,10,24,15,M
-20,34,5,27,15,M
-16,25,13,27,17,M
-56,28,7,26,15,M
-51,33,11,21,11,M
-59,35,4,21,13,M
-40,26,9,26,17,M
-38,31,9,25,12,M
-8,32,6,29,12,M
-59,33,8,22,13,M
-21,21,11,25,20,M
-47,27,8,25,18,M
-59,27,8,26,16,M
-34,32,6,24,15,M
-47,33,8,21,12,M
-65,29,6,28,13,M
-68,34,5,21,13,M
-49,28,9,22,14,M
-39,28,11,23,15,M
-9,30,23,26,9,M
-61,33,9,23,14,M
-62,27,12,25,14,M
-40,32,6,24,13,M
-45,33,6,25,12,M
-42,25,10,24,16,M
-70,31,10,21,14,M
-19,26,4,21,30,M
-38,28,8,23,15,M
-54,32,5,24,13,M
-26,29,10,32,15,M
-54,26,8,23,16,M
-70,29,6,26,16,M
-26,25,9,22,22,M
-16,23,9,23,28,M
-27,31,7,23,15,M
-25,32,6,28,14,M
-73,33,5,22,13,M
-58,29,7,26,15,M
-56,29,6,27,16,M
-36,27,7,25,17,M
-28,28,12,29,16,M
-90,32,8,25,14,M
-34,25,9,22,19,M
-29,28,10,22,20,M
-15,27,7,26,20,M
-22,30,11,24,13,M
-10,29,8,25,18,M
-45,27,10,23,16,M
-31,30,8,27,14,M
-22,26,6,29,19,M
-41,33,8,21,14,M
-69,31,9,23,13,M
-46,31,5,23,15,M
-34,31,7,28,14,M
-3,22,9,27,29,M
-112,33,6,22,15,M
-28,38,2,17,16,M
-43,30,7,25,14,M
-74,28,7,26,13,M
-46,33,3,24,15,M
-50,33,6,23,13,M
-40,29,9,22,14,M
-1,24,3,21,23,M
-65,33,5,21,18,M
-48,37,5,22,13,M
-8,24,6,23,23,M
-30,25,14,25,20,M
-26,35,3,22,16,M
-52,30,5,26,15,M
-12,27,10,24,22,M
-34,35,6,27,11,M
-46,34,5,25,13,M
-20,33,9,22,15,M
-54,31,8,21,15,M
-49,32,9,24,13,M
-40,27,12,28,12,M
-14,35,14,29,14,M
-14,28,7,20,16,M
-80,32,7,22,15,M
-1,26,8,30,27,M
-20,32,7,22,12,M
-80,31,7,20,14,M
-81,28,7,27,15,M
-38,29,10,24,19,M
-10,26,10,20,27,M
-42,35,8,22,12,M
-12,28,11,21,25,M
-47,32,6,22,15,M
-33,28,10,26,14,M
-39,26,13,23,14,M
-39,30,9,27,14,M
-64,28,12,24,13,M
-14,30,7,31,17,M
-68,26,8,26,16,M
-38,34,7,25,13,M
-24,33,11,24,20,M
-34,32,7,25,14,M
-43,35,8,19,13,M
-62,32,7,24,14,M
-44,32,7,26,13,M
-54,27,9,27,15,M
-57,29,8,25,14,M
-34,28,10,26,15,M
-46,27,9,27,14,M
-10,28,10,25,29,M
-9,32,5,22,21,M
-38,31,6,25,13,M
-66,32,8,23,14,M
-67,27,10,24,16,M
-128,29,8,26,16,M
-8,34,5,22,20,M
-33,26,9,21,21,M
-159,29,7,26,14,M
-45,30,8,22,17,M
-91,27,12,30,13,M
-15,31,8,19,21,M
-38,31,8,21,16,M
-4,23,6,18,27,M
-39,27,11,19,15,M
-9,27,8,27,20,M
-11,32,2,30,18,M
-5,21,6,26,24,M
-22,22,9,29,21,M
-108,31,6,19,16,M
-67,30,9,26,13,M
-12,33,8,14,15,M
-12,40,7,18,13,M
-19,31,4,25,21,M
-48,30,9,26,13,M
-19,23,7,24,25,M
-5,29,18,25,21,M
-15,23,9,49,12,M
-21,23,10,24,22,M
-5,24,20,33,18,M
-108,28,6,24,16,M
-56,26,11,26,16,M
-23,24,8,29,19,M
-104,27,10,24,16,M
-11,39,4,21,13,M
-26,33,7,23,15,M
-5,25,17,25,21,M
-122,29,7,25,14,M
-36,29,11,21,15,M
-16,21,11,24,27,M
-15,25,11,36,17,M
-26,26,10,29,15,M
-59,33,8,26,13,M
-44,23,10,22,17,M
-51,31,8,28,13,M
-7,38,5,27,18,M
-52,28,9,22,15,M
-61,23,8,26,17,M
-60,22,14,25,16,M
-20,30,20,26,15,M
-65,32,7,27,12,M
-37,28,10,22,17,M
-33,25,8,26,20,M
-28,24,10,20,23,M
-58,32,5,20,18,M
-81,31,7,23,14,M
-20,29,8,24,17,M
-15,28,13,27,22,M
-88,27,8,25,14,M
-6,24,11,30,15,M
-14,25,10,25,18,M
-22,32,5,27,18,M
-46,24,12,25,16,M
-85,26,7,26,18,M
-79,29,10,24,14,M
-42,30,9,24,15,M
-74,28,7,26,14,M
-55,28,10,24,15,M
-12,22,9,20,22,M
-12,28,9,26,16,M
-85,32,6,25,14,M
-53,27,9,24,18,M
-51,31,9,20,15,M
-29,34,7,22,13,M
-85,28,8,21,17,M
-55,31,10,17,17,M
-44,28,10,24,14,M
-14,29,19,22,22,M
-59,33,5,24,16,M
-59,30,8,23,15,M
-39,29,9,21,16,M
-48,33,5,25,14,M
-78,29,7,29,12,M
-20,22,12,20,26,M
-92,30,7,25,13,M
-46,27,12,28,14,M
-10,24,19,18,31,M
-145,32,7,21,14,M
-12,11,8,24,22,M
-56,32,5,28,12,M
-126,29,8,22,14,M
-37,31,8,23,15,M
-56,32,5,26,13,M
-10,16,9,51,16,M
-35,24,9,34,7,M
-50,27,11,23,16,M
-41,26,6,27,18,M
-66,29,8,28,11,M
-116,26,9,21,14,M
-48,32,8,28,14,M
-61,28,10,25,14,M
-24,30,6,24,18,M
-50,29,10,27,15,M
-60,33,5,19,15,M
-5,30,4,27,11,M
-24,23,9,20,19,M
-60,30,9,21,13,M
-30,30,10,24,18,M
-98,30,7,22,15,M
-57,31,5,25,14,M
-25,26,9,22,23,M
-32,38,5,22,13,M
-9,28,8,27,24,M
-33,25,8,29,17,M
-42,32,7,23,13,M
-32,28,6,26,15,M
-60,32,8,23,15,M
-34,29,9,28,16,M
-20,29,8,27,17,M
-28,25,8,27,15,M
-43,28,7,29,14,M
-21,24,7,24,19,M
-34,29,8,25,17,M
-33,26,9,25,15,M
-5,24,9,29,24,M
-41,24,12,24,13,M
-45,36,5,24,12,M
-2,28,14,27,25,M
-55,27,10,28,13,M
-67,28,10,25,16,M
-86,28,10,26,16,M
-75,28,7,27,14,N
-17,22,5,26,27,N
-18,36,5,26,10,N
-132,24,4,35,15,N
-120,19,7,29,12,N
-17,34,4,14,23,N
-32,31,2,25,27,N
-49,21,7,36,14,N
-106,21,5,41,11,N
-106,26,7,35,14,N
-12,30,7,25,14,N
-51,25,7,27,18,N
-125,21,7,23,19,N
-95,25,9,18,12,N
-61,26,9,22,17,N
-10,29,10,29,10,N
-73,18,7,25,21,N
-54,27,8,23,14,N
-37,22,9,29,17,N
-12,28,7,31,12,N
-55,24,11,25,13,N
-30,20,3,40,14,N
-104,6,10,33,10,N
-162,33,9,28,12,N
-33,22,6,27,15,N
-42,20,9,30,16,N
-90,22,4,43,11,N
-114,21,8,29,14,N
-139,29,2,36,12,N
-24,27,2,30,15,N
-7,29,4,30,24,N
-34,17,9,34,20,N
-94,26,9,24,15,N
-76,28,6,24,15,N
-67,26,9,33,12,N
-40,9,6,31,18,N
-10,17,10,36,16,N
-2,10,6,16,61,N
-43,26,4,36,16,N
-40,27,7,22,15,N
-59,30,6,21,16,N
-81,25,4,22,15,N
-72,21,5,27,14,N
-86,24,7,32,12,N
-70,27,6,25,14,N
-29,23,7,23,19,N
-52,27,6,38,9,N
-39,36,1,12,31,N
-54,19,8,44,9,N
-51,22,8,32,16,N
-25,29,9,23,13,N
-37,23,9,26,20,N
-84,26,8,28,15,N
-64,24,9,23,16,N
-34,20,7,31,22,N
-69,25,4,37,8,N
-20,19,4,32,13,N
-130,25,8,23,18,N
-47,25,6,32,15,N
-52,21,9,34,16,N
-104,25,8,34,10,N
-120,22,6,38,12,N
-117,26,5,34,10,N
-30,30,5,26,17,N
-111,28,8,20,12,N
-41,28,8,29,15,N
-70,22,5,39,12,N
-61,23,7,35,12,N
-51,22,11,31,12,N
-149,30,7,24,15,N
-25,24,10,27,13,N
-46,29,6,26,17,N
-40,26,4,30,18,N
-60,19,6,38,12,N
-18,32,8,24,11,N
-26,27,8,26,20,N
-236,26,4,29,13,N
-83,22,5,26,17,N
-108,27,8,28,15,N
-100,25,7,39,12,N
-101,21,7,39,11,N
-70,23,9,23,15,N
-65,28,8,24,15,N
-64,29,9,24,15,N
-23,7,0,26,28,N
-4,30,7,30,12,N
-43,28,6,27,16,N
-84,30,6,33,11,N
-13,28,7,28,15,N
-54,24,7,30,18,N
-29,27,9,18,21,N
-14,22,0,19,26,N
-15,30,8,21,12,N
-16,24,10,32,16,N
-81,25,6,32,15,N
-3,31,4,30,20,N
-105,27,5,31,13,N
-53,15,8,25,18,N
-26,19,9,35,13,N
-210,33,5,25,11,N
-82,23,7,29,15,N
-76,25,6,32,11,N
-38,25,6,24,16,N
-52,29,10,19,12,N
-30,21,5,28,14,N
-90,26,7,25,11,N
-9,25,7,36,13,N
-36,31,2,35,10,N
-104,24,7,24,14,N
-88,19,9,32,14,N
-11,13,0,26,51,N
-66,25,5,25,19,N
-61,19,8,29,17,N
-42,28,8,25,16,N
-90,20,6,32,17,N
-296,22,5,33,14,N
-34,26,11,26,15,N
-10,32,10,19,15,N
-9,17,6,18,27,N
-118,30,8,23,17,N
-78,30,7,27,13,N
-155,24,8,29,12,N
-51,23,11,33,10,N
-66,32,6,28,12,N
-100,32,3,41,7,N
-57,22,5,36,14,N
-102,23,9,31,13,N
-84,19,7,27,18,N
-12,25,4,29,21,N
-54,22,7,28,18,N
-78,20,6,29,15,N
-31,18,9,27,26,N
-46,27,5,31,10,N
-36,28,8,32,14,N
-59,30,6,27,14,N
-109,21,7,29,13,N
-37,31,6,26,12,N
-92,24,6,27,17,N
-32,11,6,30,30,N
-46,26,7,27,16,N
-134,22,5,39,10,N
-136,30,7,27,11,N
-94,22,8,34,10,N
-17,26,9,19,24,N
-22,24,13,27,13,N
-46,17,8,33,23,N
-64,25,10,31,12,N
-85,26,9,35,11,N
-150,27,4,28,14,N
-68,21,10,23,15,N
-100,26,8,23,18,N
-16,22,7,25,19,N
-24,16,9,17,24,N
-38,21,7,23,21,N
-59,26,6,28,14,N
-50,23,4,37,11,N
-96,30,11,30,13,N
-86,28,11,31,13,N
-70,21,9,28,17,N
-51,23,6,38,12,N
-69,19,10,34,13,N
-8,9,3,24,46,N
-74,18,10,30,10,N
-82,22,5,35,16,N
-83,33,4,21,11,N
-70,24,6,32,14,N
-81,23,8,24,11,N
-26,23,9,23,12,N
-20,21,7,28,15,N
-14,28,6,19,10,N
-66,25,7,25,16,N
-54,23,7,29,15,N
-12,23,4,28,12,N
-103,28,2,43,7,N
-4,10,6,19,60,N
-145,26,11,24,16,N
-145,23,5,38,11,N
-38,29,9,23,14,N
-22,26,9,35,10,N
-72,16,7,24,18,N
-71,22,6,32,15,N
-20,18,11,35,15,N
-29,25,9,28,17,N
-136,25,7,35,14,N
-108,31,3,42,6,N
-69,30,7,25,12,N
-126,26,9,26,15,N
-23,26,7,21,20,N
-27,23,7,25,20,N
-23,19,10,26,17,N
-128,25,5,22,14,N
-78,25,6,31,15,N
-60,27,8,29,12,N
-72,25,6,23,13,N
-104,17,5,29,19,N
-98,24,6,28,16,N
-15,27,5,30,18,N
-186,29,7,27,15,N
-10,21,4,31,19,N
-54,27,7,28,16,N
-85,29,7,23,12,N
-20,18,8,20,13,N
-124,22,8,31,15,N
-153,32,7,26,14,N
-102,26,8,25,19,N
-139,26,2,26,11,N
-149,24,6,35,10,N
-90,27,7,25,18,N
-70,12,6,28,14,N
-56,28,5,28,17,N
-241,26,7,28,12,N
-21,27,10,29,12,N
-14,23,5,34,16,N
-27,21,7,28,17,N
-68,23,4,31,13,N
-115,23,6,23,13,N
-102,30,7,25,15,N
-27,15,5,27,28,N
-106,21,5,37,10,N
-79,27,9,24,16,N
-62,18,6,25,20,N
-11,21,9,31,17,N
-5,10,4,25,43,N
-114,26,4,33,10,N
-44,23,3,25,16,N
-90,24,8,32,12,N
-26,27,6,31,15,N
-22,13,4,24,33,N
-56,21,7,37,14,N
-80,26,7,31,10,N
-30,28,8,24,13,N
-19,20,10,23,21,N
-82,37,3,34,6,N
-168,24,5,31,14,N
-40,26,7,26,17,N
-85,22,11,28,16,N
-130,21,9,24,13,N
-63,23,8,31,17,N
-107,27,5,19,19,N
-16,28,3,27,19,N
-82,25,6,32,11,N
-51,25,9,29,13,N
-18,30,12,26,15,N
-33,20,9,31,16,N
-65,26,2,25,11,N
-40,26,6,29,19,N
-36,24,8,27,22,N
-6,27,4,26,17,N
-31,30,10,26,15,N
-47,28,11,22,16,N
-81,25,10,33,13,N
-84,22,6,32,13,N
-59,27,9,37,12,N
-41,25,8,26,18,N
-48,21,7,39,12,N
-109,30,4,29,12,N
-40,21,7,37,14,N
-64,26,5,20,14,N
-102,23,8,23,15,N
-34,23,9,34,10,N
-34,29,6,25,18,N
-106,26,2,31,13,N
-75,27,8,32,13,N
-8,35,0,15,44,N
-77,26,5,27,15,N
-26,7,2,36,35,N
-34,27,6,27,14,N
-39,23,7,23,14,N
-62,27,5,26,14,N
-56,26,8,33,13,N
-110,22,4,32,12,N
-70,27,4,32,13,N
-20,9,2,49,28,N
-106,25,5,27,16,N
-66,25,8,22,19,N
-55,31,7,21,15,N
-44,28,5,24,16,N
-270,24,5,26,16,N
-56,32,3,19,16,N
-57,27,5,32,12,N
-58,22,6,40,15,N
-39,25,3,35,17,N
-20,25,7,31,9,N
-76,27,3,23,11,N
-80,34,10,27,10,N
-58,23,6,25,13,N
-15,32,6,28,11,N
-66,27,6,30,16,N
-16,29,5,21,11,N
-22,11,10,43,24,N
-149,20,7,27,20,N
-56,19,8,31,15,N
-101,25,7,33,12,N
-54,27,11,30,13,N
-111,25,9,32,16,N
-47,26,6,31,15,N
-46,26,6,38,13,N
-48,25,8,25,13,N
-32,11,4,31,32,N
-46,23,8,29,15,N
-68,27,9,26,15,N
-86,23,8,27,15,N
-41,25,11,20,18,N
-16,31,3,33,15,N
-92,26,6,30,10,N
-86,23,5,36,13,N
-85,20,6,36,13,N
-140,19,7,31,17,N
-37,18,5,28,18,N
-48,23,5,32,16,N
-68,30,7,28,14,N
-82,26,4,32,14,N
-37,18,10,25,18,N
-176,23,7,28,13,N
-146,24,7,32,13,N
-80,21,7,27,12,N
-52,31,7,23,12,N
-21,24,4,31,18,N
-368,22,8,30,12,N
-36,18,4,44,10,N
-53,20,9,32,12,N
-72,21,6,31,18,N
-53,23,7,28,13,N
-74,27,8,26,14,N
-156,22,6,37,11,N
-61,22,7,28,16,N
-46,23,9,36,10,N
-123,18,6,33,10,N
-47,25,7,29,12,N
-42,28,9,29,12,N
-91,27,5,32,11,N
-30,25,7,28,13,N
-39,27,3,28,19,N
-119,21,5,28,19,N
-76,21,7,32,15,N
-45,26,7,24,15,N
-108,24,7,33,12,N
-58,21,8,30,14,N
-64,26,7,30,10,N
-50,19,8,34,15,N
-22,26,9,26,18,N
-84,27,5,17,16,N
-36,27,7,28,13,N
-36,25,11,24,14,N
-21,25,7,26,19,N
-174,29,6,31,8,N
-60,31,10,32,10,N
-58,25,8,28,17,N
-32,34,4,20,15,N
-93,20,6,38,12,N
-8,32,3,32,11,N
-30,22,10,23,17,N
-28,23,11,25,13,N
-43,29,8,27,14,N
-29,28,2,19,34,N
-32,27,7,31,11,N
-54,25,5,28,17,N
-36,24,3,39,13,N
-22,20,9,34,19,N
-24,27,13,27,13,N
-94,29,4,23,14,N
-29,17,10,39,14,N
-65,22,6,32,14,N
-40,28,3,33,13,N
-10,33,8,29,16,N
-39,22,8,32,15,N
-125,25,5,32,13,N
-111,33,3,24,11,N
-44,24,7,29,17,N
-56,17,5,26,20,N
-61,26,6,33,12,N
-78,26,6,30,15,N
-33,27,7,35,9,N
-46,34,7,24,12,N
-84,25,11,29,13,N
-22,34,7,26,12,N
-17,18,11,38,16,N
-119,22,8,30,14,N
-98,24,9,29,15,N
-95,27,7,27,17,N
-50,20,6,35,9,N
-72,31,4,30,10,N
-13,27,10,31,12,N
-22,24,3,47,13,N
-11,18,9,17,31,N
-115,28,5,24,10,N
-95,24,7,30,17,N
-106,23,6,27,14,N
-19,33,6,28,12,N
-50,23,11,30,13,N
-99,26,7,28,13,N
-39,25,4,22,21,N
-73,32,9,24,14,N
-100,30,6,25,14,N
-111,19,5,40,15,N
-118,26,5,32,16,N
-98,25,9,24,18,N
-22,34,3,20,13,N
-60,24,9,25,14,N
-34,28,1,18,28,N
-77,24,6,28,13,N
-100,28,7,27,14,N
-33,23,8,32,15,N
-39,23,11,23,18,N
-59,20,9,25,19,N
-82,24,6,29,15,N
-90,21,6,36,12,N
-54,22,6,30,16,N
-182,28,7,26,14,N
-156,30,7,27,14,N
-85,23,7,30,16,N
-98,21,7,29,11,N
-84,27,4,36,13,N
-26,24,7,22,24,N
-78,22,7,30,13,N
-16,23,9,21,14,N
-331,20,6,31,15,N
-28,29,12,24,17,N
-68,29,9,25,16,N
-64,20,6,38,16,N
-49,25,6,29,16,N
-34,27,9,31,13,N
-32,25,5,33,12,N
-15,18,9,35,18,N
-52,32,2,13,29,N
-68,25,5,32,12,N
-36,23,4,33,16,N
-27,21,9,22,12,N
-119,19,5,34,14,N
-25,24,8,33,10,N
-96,26,7,23,10,N
-92,19,7,26,16,N
-131,23,5,27,12,N
-41,27,8,29,15,N
-49,27,9,25,15,N
-68,21,7,36,12,N
-22,29,6,19,24,N
-40,26,6,25,14,N
-65,27,7,31,12,N
-56,29,7,27,16,N
-106,23,6,28,15,N
-32,27,6,35,11,N
-120,27,8,26,15,N
-114,26,7,42,10,N
-126,29,8,25,16,N
-131,27,6,21,12,N
-115,23,5,39,12,N
-110,30,5,22,16,N
-66,16,1,24,19,N
-47,23,9,33,15,N
-14,34,3,22,22,N
-67,23,6,26,14,N
-213,27,2,45,8,N
-194,30,6,25,10,N
-8,19,6,33,22,N
-68,26,5,30,12,N
-91,27,7,30,11,N
-40,17,5,21,25,N
-66,25,6,24,13,N
-20,23,2,30,30,N
-43,32,5,21,17,N
-108,28,5,31,12,N
-35,29,12,25,15,N
-29,29,11,25,17,N
-99,29,5,34,10,N
-72,24,5,26,19,N
-50,29,4,35,13,N
-42,25,10,23,17,N
-42,31,4,36,11,N
-78,25,9,24,12,N
-44,19,10,33,14,N
-114,21,5,33,16,N
-99,20,6,33,20,N
-146,23,7,36,11,N
-30,13,8,17,26,N
-72,28,8,26,18,N
-99,27,6,24,18,N
-62,22,7,31,12,N
-244,25,8,23,17,N
-34,21,9,25,12,N
-99,29,5,27,15,N
-3,18,12,31,31,N
-24,25,5,32,14,N
-38,30,6,25,15,N
-88,27,3,34,13,N
-153,24,5,31,14,N
-42,37,1,13,30,N
-13,25,7,30,11,N
-29,35,2,18,27,N
-56,25,5,27,15,N
-16,14,7,31,20,N
-24,17,12,33,19,N
-18,28,10,25,13,N
-506,22,4,36,11,N
-26,22,7,33,15,N
-93,25,7,33,11,N
-86,20,6,35,14,N
-68,23,8,33,13,N
-88,19,8,33,14,N
-224,21,4,30,13,N
-205,23,6,26,15,N
-27,34,2,23,27,N
-41,21,8,36,14,N
-23,31,5,27,15,N
-24,29,2,33,12,N
-408,24,4,34,14,N
-89,26,9,22,19,N
-78,26,9,23,15,N
-45,30,7,23,17,N
-89,30,10,29,14,N
-14,25,10,34,13,N
-38,29,10,27,15,N
-50,20,6,32,17,N
-50,19,6,24,21,N
-268,27,11,24,15,N
-62,27,7,28,19,N
-18,22,4,17,12,N
-9,15,3,21,48,N
-82,26,7,23,15,N
-170,23,7,37,12,N
-82,25,6,35,15,N
-166,27,8,26,15,N
-197,19,6,38,11,N
-46,25,7,28,15,N
-36,37,1,21,14,N
-119,28,5,38,9,N
-10,23,5,19,41,N
-15,31,5,20,21,N
-93,18,8,32,16,N
-82,28,7,27,14,N
-76,25,9,31,14,N
-11,19,7,47,12,N
-103,27,5,18,14,N
-25,15,8,14,25,N
-21,28,8,23,16,N
-71,29,3,35,11,N
-60,20,9,34,16,N
-21,22,0,10,28,N
-101,32,5,23,12,N
-32,23,5,33,16,N
-12,27,2,31,14,N
-233,22,7,25,15,N
-25,10,0,27,25,N
-75,23,5,26,20,N
-103,26,7,27,14,N
-16,30,4,27,16,N
-104,24,3,32,12,N
-94,27,5,22,14,N
-114,25,5,31,15,N
-103,23,6,27,20,N
-71,20,6,48,11,N
-34,20,6,26,21,N
-44,25,4,31,16,N
-21,22,3,31,17,N
-50,24,7,30,14,N
-61,24,6,28,15,N
-148,24,4,28,13,N
-36,32,1,14,40,N
-104,20,5,35,15,N
-46,27,10,29,13,N
-108,25,10,26,15,N
-58,25,6,31,15,N
-52,28,8,23,16,N
-117,26,4,23,13,N
-51,19,8,27,18,N
-21,26,8,27,15,N
-42,24,6,37,15,N
-134,12,5,37,16,N
-52,26,8,28,14,N
-16,32,5,22,17,N
-58,21,8,35,15,N
-82,27,8,37,10,N
-93,28,7,19,14,N
-57,24,7,30,17,N
-32,27,4,28,18,N
-34,25,11,24,17,N
-6,27,7,32,19,N
-91,27,7,26,17,N
-87,19,5,35,14,N
-19,30,4,20,22,N
-58,22,5,21,19,N
-66,24,9,29,13,N
-78,25,8,29,19,N
-62,21,7,26,19,N
-66,19,12,26,11,N
-119,30,6,27,13,N
-174,11,9,31,10,N
-118,27,9,24,15,N
-92,22,5,34,13,N
-62,22,5,26,19,N
-71,25,9,25,16,N
-41,23,7,35,15,N
-16,26,9,32,15,N
-44,27,13,28,14,N
-54,27,9,33,13,N
-92,25,6,28,17,N
-43,25,7,33,14,N
-41,30,11,27,17,N
-45,28,11,28,15,N
-90,24,8,23,14,N
-35,24,5,31,17,N
-29,20,6,23,17,N
-34,29,6,27,15,N
-56,21,5,30,14,N
-236,23,8,33,13,N
-41,28,8,30,16,N
-287,23,6,25,17,N
-29,26,5,26,19,N
-26,27,2,28,16,N
-158,28,8,25,13,N
-59,25,9,25,14,N
-162,31,7,24,15,N
-74,22,7,29,15,N
-4,9,4,26,44,N
-5,17,0,16,9,N
-95,29,8,28,13,N
-38,29,9,22,14,N
-47,22,8,30,12,N
-74,21,3,42,14,N
-16,16,4,32,35,N
-67,27,5,29,13,N
-136,24,6,26,14,N
-36,25,7,33,13,N
-193,28,8,28,16,N
-79,19,6,46,10,N
-49,21,6,35,16,N
-66,26,7,28,14,N
-186,23,4,38,12,N
-47,29,2,33,11,N
-28,25,7,23,21,N
-40,34,4,27,13,N
-69,33,10,25,13,N
-108,24,3,42,7,N
-52,27,5,23,19,N
-67,24,8,27,12,N
-91,24,2,36,11,N
-154,32,6,27,14,N
-14,32,4,24,15,N
-46,24,12,24,16,N
-29,32,5,27,15,N
-63,25,8,33,14,N
-53,29,3,37,13,N
-46,24,7,31,15,N
-38,27,7,27,11,N
-74,26,5,20,19,N
-79,29,7,26,15,N
-72,28,9,23,12,N
-123,25,8,28,13,N
-95,25,10,33,14,N
-84,27,4,35,8,N
-22,23,4,36,16,N
-9,24,3,29,22,N
-114,27,4,35,12,N
-87,25,7,30,13,N
-11,30,7,31,10,N
-44,29,11,26,17,N
-50,25,10,27,14,N
-92,21,4,33,17,N
-66,21,8,38,11,N
-44,24,8,23,11,N
-94,26,9,31,13,N
-63,20,7,39,13,N
-40,34,7,21,13,N
-43,24,10,25,17,N
-47,31,6,27,15,N
-178,25,10,24,16,N
-67,26,6,19,12,N
-67,29,7,23,16,N
-99,25,7,33,11,N
-82,17,8,35,13,N
-157,25,8,28,11,N
-23,27,6,28,16,N
-285,19,6,29,13,N
-69,24,4,33,15,N
-70,27,7,30,14,N
-79,27,7,28,15,N
-27,28,7,29,10,N
-38,20,11,23,24,N
-31,26,11,22,18,N
-134,25,8,29,15,N
-25,21,4,33,14,N
-116,25,3,35,11,N
-69,30,9,28,14,N
-105,26,10,26,16,N
-67,25,7,32,14,N
-84,28,9,31,12,N
-90,21,9,30,14,N
-453,25,5,36,11,N
-74,23,8,35,12,N
-106,21,7,29,15,N
-47,30,2,38,8,N
-24,30,7,27,17,N
-96,20,5,32,20,N
-80,21,6,40,10,N
-115,19,10,33,12,N
-16,24,5,34,15,N
-65,32,6,20,14,N
-32,34,7,26,14,N
-84,27,4,19,15,N
-10,27,6,28,19,N
-45,23,10,27,14,N
-87,24,10,17,12,N
-34,26,5,29,16,N
-16,27,10,24,17,N
-153,26,6,30,16,N
-31,28,7,24,14,N
-125,21,6,36,12,N
-25,28,12,27,16,N
-84,27,5,27,16,N
-15,24,5,33,10,N
-89,26,9,28,15,N
-73,26,5,27,12,N
-85,20,4,43,12,N
-54,30,9,23,15,N
-85,26,5,32,13,N
-304,16,3,45,7,N
-98,31,8,27,11,N
-12,9,7,27,44,N
-138,26,9,26,14,N
-132,28,6,27,14,N
-47,19,6,23,21,N
-126,20,8,37,10,N
-165,23,6,37,13,N
-134,23,6,32,15,N
-74,23,10,36,11,N
-28,25,8,30,14,N
-66,20,5,44,12,N
-5,29,9,20,19,N
-26,22,9,26,20,N
-75,23,7,20,17,N
-35,27,7,23,13,N
-18,17,9,23,22,N
-26,23,2,34,16,N
-85,20,6,35,15,N
-52,21,5,34,15,N
-21,26,10,32,12,N
-38,23,7,37,13,N
-11,21,8,21,24,N
-11,29,4,26,19,N